  plate   mjd     fiber        ra                  dec     pipeclass pipesublcass
  7863    56975   619          2.18469300      -1.67073000 STAR    CV                     
  7694    57359   325          3.909396        26.61576
  7694    57359   938          5.20630500      28.0056200 STAR     CV                     
  7661    57286   736          6.65439800      24.4876900 STAR     CV                     
  7589    56946   200          7.96567800      20.3475000 STAR     CV                     
  7615    56977   878          9.16789200      23.1420300 STAR     CV                     
  6284    56310   222          9.61273670      25.1569430 STAR     CV             
  7617    56949   700         11.2513000       22.4520100 STAR     CV                     
  8788    57360   666         15.195139         1.14976
  7624    57039   223         15.9198000       20.0905500 STAR     CV                     
  7915    57309   559         16.0484700       -3.2284430 STAR     CV
  7859    57282   723         17.183862         2.44414   
  7621    56985   340         19.3039400       17.9241700 STAR    CV                     
  7635    56979   481         21.0093800       21.2332700 STAR     CV                     
  7638    56981   577         25.6912200       23.3944100 STAR     CV                     
   403    51871   423         28.9308070        0.4686547 STAR     CV                 
  7691    57360   696         29.514203        28.384349  
  7659    57060   438         31.4064700       26.7178200 STAR     CV                     
  1869    53327   188        118.679190        50.1247860 STAR     CV 
  1780    53090   431        121.1425          51.063657                     
  7280    56709   412        121.7546          55.7941900 STAR     CV                     
  3686    55268    46        123.341340        45.4692400 STAR     CV                     
  3691    55274   898        124.045130        45.5028180 STAR     CV                     
  3694    55209   356        125.212790        49.5755890 STAR     CV                     
  7325    56717   468        125.3489          45.6931700 STAR     CV                     
  7309    56991    60        126.040540        49.5234610 STAR     CV                                       
  8294    57365   330        127.6605          40.7941900 STAR     CV                     
   444     51883  619        129.178120        53.4772410 STAR     CV                 
  8294    57365    80        129.43477         41.56077    
  1783    53386   623        129.477690        56.7518880 STAR     CV                     
  7311    57038   192        129.688410        49.1820320 STAR     CV                     
  6783    56284   186        130.992010        42.8435600 STAR     CV                     
  7512    56777   103        133.386800        48.8132600 STAR     CV                     
   764    52238   589        135.266390        48.1530930 STAR     CV                     
  7516    56782   806        136.93596         46.514001 
  7295    57067    42        138.067500        50.8983000 STAR     CV                     
  1274    52995   505        141.661333000     36.4006670 AMCVN
   834    52316   431        143.206540        47.4230510 STAR     CV                     
  8299    57346   284        143.5975          40.6358300 STAR     CV                     
  2384    53763     7        145.857910        52.0246380 STAR     CV                     
  3321    54924   404        146.652510        44.7790980 STAR     CV     
  7384    56715   818        153.348530        45.9830050 STAR     CV                    
  6687    56602   108        155.110360        53.0758640 STAR     CV  
  1429    52990   359        155.834470        44.0860660 STAR     CV                     
  8851    57460   605        160.688100        37.3055200 STAR     CV                     
  6707    56383   384        162.896340        54.0766280 STAR     CV  
   876    52669   103        164.237490        49.6884120 STAR     CV                     
  8160    57071   671        169.341400        52.0836200 STAR     CV                     
  7398    56781   940        174.960700        45.9716000 STAR     CV                     
  1970    53386   541        178.029190        40.8299710 STAR     CV                    
  6677    56385   612        178.065850        49.2449180 STAR     CV      
   884    52374   139        186.920140        51.6569360 STAR     CV   
  1039    52707    69        196.974458000     53.8585000
  1283    52762   591        204.921333000     48.7909720 
  8494    57104   680        224.436500        40.7279600 STAR     CV                     
  1328    52786   618        224.492560        51.8021970 STAR     CV       
  7574    56945   316        332.541400        18.9050300 STAR     CV                     
  7578    56956   264        334.636500        19.4222900 STAR     CV            
  7578    56956   773        334.751000        20.3086400 STAR     CV                     
  7586    57186    73        338.469000        22.9870600 STAR     CV                     
  7653    57306   834        339.791000        25.0586400 STAR     CV     
  7705    57332   816        347.0566          25.72808
  7599    56955   296        357.061200        18.2054500 STAR     CV   
